Background:
00  00  00  00  00  00  00  00  00  00  00  00  00  00  00  00  00  00  00  00  WL  WL  00  00  00  00  00  00  00  00  00  00  WL  WL  00  00  00  00  00  00  
00  00  00  00  00  00  00  00  00  00  00  00  00  00  00  00  00  00  00  00  WL  WL  00  00  00  00  00  00  00  00  00  00  WL  WL  00  00  00  00  00  00  
00  00  00  00  00  00  00  00  00  00  00  00  00  00  00  00  00  00  00  00  WL  WL  00  00  00  00  00  00  00  00  00  00  WL  WL  00  00  00  00  00  00  
00  00  00  00  00  00  00  00  00  00  00  00  00  00  00  00  00  00  00  00  WL  WL  00  00  00  00  00  00  00  00  00  00  WL  WL  00  00  00  00  00  00  
00  00  00  00  00  00  00  00  00  00  00  00  00  00  00  00  00  00  00  00  WL  WL  00  00  00  00  00  00  00  00  00  00  WL  WL  00  00  00  00  00  00  
00  00  00  00  00  00  00  00  00  00  00  00  00  00  00  00  00  00  00  00  WL  WL  00  00  00  00  00  00  00  00  00  00  WL  WL  00  00  00  00  00  00  
00  00  00  00  00  00  00  00  00  00  00  00  00  00  00  00  00  00  00  00  WL  WL  00  00  00  00  00  00  00  00  00  00  WL  WL  00  00  00  00  WL  WL  
00  00  00  00  00  00  00  00  00  00  00  00  00  00  00  00  00  00  00  00  WL  WL  00  00  00  00  00  00  00  00  00  00  WL  WL  00  00  00  00  WL  WL  
00  00  00  00  00  00  00  00  00  00  00  00  00  00  00  00  00  00  00  00  WL  WL  00  00  00  00  WL  WL  00  00  00  00  WL  WL  00  00  00  00  WL  WL  
00  00  00  00  00  00  00  00  00  00  00  00  00  00  00  00  00  00  00  00  WL  WL  00  00  00  00  WL  WL  00  00  00  00  WL  WL  00  00  00  00  WL  WL  
00  00  00  00  00  00  00  00  00  00  00  00  00  WL  WL  00  00  00  00  00  WL  WL  00  00  00  00  WL  WL  00  00  00  00  WL  WL  00  00  00  00  WL  WL  
00  00  00  00  00  00  00  00  00  00  00  00  00  WL  WL  00  00  00  00  00  WL  WL  00  00  00  00  WL  WL  00  00  00  00  WL  WL  00  00  00  00  WL  WL  
00  00  00  00  00  00  00  00  00  00  00  00  00  WL  WL  00  00  00  00  00  WL  WL  00  00  00  00  WL  WL  00  00  00  00  WL  WL  00  00  00  00  WL  WL  
00  00  00  00  00  00  00  00  00  00  00  00  00  WL  WL  00  00  00  00  00  WL  WL  00  00  00  00  WL  WL  00  00  00  00  WL  WL  00  00  00  00  WL  WL  
00  00  00  00  00  00  00  00  00  00  00  00  00  WL  WL  00  00  00  00  00  WL  WL  00  00  00  00  WL  WL  00  00  00  00  WL  WL  00  00  00  00  WL  WL  
00  00  00  00  00  00  00  00  00  00  00  00  00  WL  WL  00  00  00  00  00  WL  WL  00  00  00  00  WL  WL  00  00  00  00  WL  WL  00  00  00  00  WL  WL  
00  00  00  00  00  00  00  00  00  00  00  00  00  WL  WL  00  00  00  00  00  WL  WL  00  00  00  00  WL  WL  00  00  00  00  WL  WL  00  00  00  00  WL  WL  
00  00  00  00  00  00  00  00  00  00  00  00  00  WL  WL  00  00  00  00  00  WL  WL  00  00  00  00  WL  WL  00  00  00  00  WL  WL  00  00  00  00  WL  WL  
00  00  00  00  00  00  00  00  00  00  00  00  00  WL  WL  00  00  00  00  00  WL  WL  00  00  00  00  WL  WL  00  00  00  00  WL  WL  00  00  00  00  WL  WL  
00  00  00  00  00  00  00  00  00  00  00  00  00  WL  WL  00  00  00  00  00  WL  WL  00  00  00  00  WL  WL  00  00  00  00  WL  WL  00  00  00  00  WL  WL  
00  00  00  00  00  00  00  00  00  00  00  00  00  WL  WL  00  00  00  00  00  WL  WL  00  00  00  00  WL  WL  00  00  00  00  WL  WL  00  00  00  00  WL  WL  
00  00  00  00  00  00  00  00  00  00  00  00  00  WL  WL  00  00  00  00  00  WL  WL  00  00  00  00  WL  WL  00  00  00  00  WL  WL  00  00  00  00  WL  WL  
00  00  00  00  00  00  00  00  00  00  00  00  00  WL  WL  00  00  00  00  00  WL  WL  00  00  00  00  WL  WL  00  00  00  00  WL  WL  00  00  00  00  WL  WL  
00  00  00  00  00  00  00  00  00  00  00  00  00  WL  WL  00  00  00  00  00  WL  WL  00  00  00  00  WL  WL  00  00  00  00  WL  WL  00  00  00  00  WL  WL  
00  00  00  00  00  00  00  00  00  00  00  00  00  WL  WL  00  00  00  00  00  WL  WL  00  00  00  00  WL  WL  00  00  00  00  WL  WL  00  00  00  00  WL  WL  
00  00  00  00  00  00  00  00  00  00  00  00  00  WL  WL  00  00  00  00  00  WL  WL  00  00  00  00  WL  WL  00  00  00  00  WL  WL  00  00  00  00  WL  WL  
00  00  00  00  00  00  00  00  00  00  00  00  00  WL  WL  00  00  00  00  00  WL  WL  00  00  00  00  WL  WL  00  00  00  00  WL  WL  00  00  00  00  WL  WL  
00  00  00  00  00  00  00  00  00  00  00  00  00  WL  WL  00  00  00  00  00  WL  WL  00  00  00  00  WL  WL  00  00  00  00  WL  WL  00  00  00  00  WL  WL  
00  00  00  00  00  00  00  00  00  00  00  00  00  WL  WL  00  00  00  00  00  00  00  00  00  00  00  WL  WL  00  00  00  00  00  00  00  00  00  00  WL  WL  
WL  WL  WL  WL  WL  WL  WL  WL  WL  WL  WL  JP  JP  WL  WL  WL  WL  WL  WL  WL  WL  WL  WL  WL  JP  JP  WL  WL  WL  WL  WL  WL  WL  WL  WL  WL  JP  JP  WL  WL  
#
#
Obstical:
00  00  00  00  00  00  00  00  00  00  00  00  00  00  00  00  00  00  00  00  00  00  00  00  00  00  00  00  00  00  00  00  00  00  00  00  00  00  00  00  
00  00  00  00  00  00  00  00  00  00  00  00  00  00  00  00  00  00  00  00  00  00  00  00  00  00  00  00  00  00  00  00  00  00  00  00  00  00  00  00  
00  00  00  00  00  00  00  00  00  00  00  00  00  00  00  00  00  00  00  00  00  00  00  00  00  00  00  00  00  00  00  00  00  00  00  00  00  00  00  00  
00  00  00  00  00  00  00  00  00  00  00  00  00  00  00  00  00  00  00  00  00  00  00  00  00  00  00  00  00  00  00  00  00  00  00  00  00  00  00  00  
00  00  00  00  00  00  00  00  00  00  00  00  00  00  00  00  00  00  00  00  00  00  00  00  00  00  00  00  00  00  00  00  00  00  00  00  00  00  00  00  
00  00  00  00  00  00  00  00  00  00  00  00  00  00  00  00  00  00  00  00  00  00  00  00  00  00  00  00  00  00  00  00  00  00  00  00  00  00  00  00  
00  00  00  00  00  00  00  00  00  00  00  00  00  00  00  00  00  00  00  00  00  00  00  00  00  00  00  00  00  00  00  00  00  00  00  00  00  00  00  00  
00  00  00  00  00  00  00  00  00  00  00  00  00  00  00  00  00  00  00  00  00  00  00  00  00  00  00  00  00  00  00  00  00  00  00  00  00  00  00  00  
00  00  00  00  00  00  00  00  00  00  00  00  00  00  00  00  00  00  00  00  00  00  00  00  00  00  00  00  00  00  00  00  00  00  00  00  00  00  00  00  
00  00  00  00  00  00  00  00  00  00  00  00  00  00  00  00  00  00  00  00  00  00  00  00  00  00  00  00  00  00  00  00  00  00  00  00  00  00  00  00  
00  00  00  00  00  00  00  00  00  00  00  00  00  00  00  00  00  00  00  00  00  00  00  00  00  00  00  00  00  00  00  00  00  00  00  00  00  00  00  00  
00  00  00  00  00  00  00  00  00  00  00  00  00  00  00  00  00  00  00  00  00  00  00  00  00  00  00  00  00  00  00  00  00  00  00  00  00  00  00  00  
00  00  00  00  00  00  00  00  00  00  00  00  00  00  00  00  00  00  00  00  00  00  00  00  00  00  00  00  00  00  00  00  00  00  00  00  00  00  00  00  
00  00  00  00  00  00  00  00  00  00  00  00  00  00  00  00  00  00  00  00  00  00  00  00  00  00  00  00  00  00  00  00  00  00  00  00  00  00  00  00  
00  00  00  00  00  00  00  00  00  00  00  00  00  00  00  00  00  00  00  00  00  00  00  00  00  00  00  00  00  00  00  00  00  00  00  00  00  00  00  00  
00  00  00  00  00  00  00  00  00  00  00  00  00  00  00  00  00  00  00  00  00  00  00  00  00  00  00  00  00  00  00  00  00  00  00  00  00  00  00  00  
00  00  00  00  00  00  00  00  00  00  00  00  00  00  00  00  00  00  00  00  00  00  00  00  00  00  00  00  00  00  00  00  00  00  00  00  00  00  00  00  
00  00  00  00  00  00  00  00  00  00  00  00  00  00  00  00  00  00  00  00  00  00  00  00  00  00  00  00  00  00  00  00  00  00  00  00  00  00  00  00  
00  00  00  00  00  00  00  00  00  00  00  00  00  00  00  00  00  00  00  00  00  00  00  00  00  00  00  00  00  00  00  00  00  00  00  00  00  00  00  00  
00  00  00  00  00  00  00  00  00  00  00  00  00  00  00  00  00  00  00  00  00  00  00  00  00  00  00  00  00  00  00  00  00  00  00  00  00  00  00  00  
00  00  00  00  00  00  00  00  00  00  00  00  00  00  00  00  00  00  00  00  00  00  00  00  00  00  00  00  00  00  00  00  00  00  00  00  00  00  00  00  
00  00  00  00  00  00  00  00  00  00  00  00  00  00  00  00  00  00  00  00  00  00  00  00  00  00  00  00  00  00  00  00  00  00  00  00  00  00  00  00  
00  00  00  00  00  00  00  00  00  00  00  00  00  00  00  00  00  00  00  00  00  00  00  00  00  00  00  00  00  00  00  00  00  00  00  00  00  00  00  00  
00  00  00  00  00  00  00  00  00  00  00  00  00  00  00  00  00  00  00  00  00  00  00  00  00  00  00  00  00  00  00  00  00  00  00  00  00  00  00  00  
00  00  00  00  00  00  00  00  00  00  00  00  00  00  00  00  00  00  00  00  00  00  00  00  00  00  00  00  00  00  00  00  00  00  00  00  00  00  00  00  
00  00  00  00  00  00  00  00  00  00  00  00  00  00  00  00  00  00  00  00  00  00  00  00  00  00  00  00  00  00  00  00  00  00  00  00  00  00  00  00  
00  00  00  00  00  00  00  00  00  00  00  00  00  00  00  00  00  00  00  00  00  00  00  00  00  00  00  00  00  00  00  00  00  00  00  00  00  00  00  00  
00  00  00  00  00  00  00  00  00  00  00  00  00  00  00  00  00  00  00  00  00  00  00  00  00  00  00  00  00  00  00  00  00  00  00  00  00  00  00  00  
00  00  00  00  00  00  00  00  00  00  00  00  00  00  00  00  00  00  00  00  00  00  00  00  00  00  00  00  00  00  00  00  00  00  00  00  00  00  00  00  
00  00  00  00  00  00  00  00  00  00  00  00  00  00  00  00  00  00  00  00  00  00  00  00  00  00  00  00  00  00  00  00  00  00  00  00  00  00  00  00  
#
#
Player:
0 28
#
#
Comment:
1 1
Level 1-6

The Green Blocks will Shoot You Upward 
 if You Stand on them.
You Can Still Double Jump Once
 after Using one.

# vim: set nu:
