Background:
00  00  00  00  00  00  00  00  00  00  00  00  00  00  00  00  00  00  00  00  WL  WL  00  00  00  00  00  00  00  00  00  00  00  00  00  00  00  00  00  00  
00  00  00  00  00  00  00  00  00  00  00  00  00  00  00  00  00  00  00  00  WL  WL  00  00  00  00  00  00  00  00  00  00  00  00  00  00  00  00  00  00  
00  00  00  00  00  00  00  00  00  00  00  00  00  00  00  00  00  00  00  00  WL  WL  00  00  00  00  00  00  00  00  00  00  00  00  00  00  00  00  00  00  
00  00  00  00  00  00  00  00  00  00  00  00  00  00  00  00  00  00  00  00  WL  WL  00  00  00  00  00  00  00  00  00  00  00  00  00  00  00  00  00  00  
00  00  00  00  00  00  00  00  00  00  00  00  00  00  00  00  00  00  00  00  WL  WL  00  00  00  00  00  00  00  00  00  00  00  00  00  00  00  00  00  00  
00  00  00  00  00  00  00  00  00  00  00  00  00  00  00  00  00  00  00  00  WL  WL  00  00  00  00  00  00  00  00  00  00  00  00  00  00  00  00  00  00  
00  00  00  00  00  00  00  00  00  00  00  00  00  00  00  00  00  00  00  00  WL  WL  00  00  00  00  00  00  00  00  00  00  00  00  00  00  00  00  WL  WL  
00  00  00  00  00  00  00  00  00  00  00  00  00  00  00  00  00  00  00  00  WL  WL  00  00  00  00  00  00  00  00  00  00  00  00  00  00  00  00  WL  WL  
00  00  00  00  00  00  00  00  00  00  00  00  00  00  00  00  00  00  00  00  WL  WL  00  00  00  00  WL  WL  00  00  00  00  00  00  00  00  00  00  WL  WL  
00  00  00  00  00  00  00  00  00  00  00  00  00  00  00  00  00  00  00  00  WL  WL  00  00  00  00  WL  WL  00  00  00  00  00  00  00  00  00  00  WL  WL  
00  00  00  00  00  00  00  00  00  00  00  00  00  WL  WL  00  00  00  00  00  WL  WL  00  00  00  00  WL  WL  00  00  00  00  00  00  00  00  00  00  WL  WL  
00  00  00  00  00  00  00  00  00  00  00  00  00  WL  WL  00  00  00  00  00  WL  WL  00  00  00  00  WL  WL  00  00  00  00  00  00  00  00  00  00  WL  WL  
00  00  00  00  00  00  00  00  00  00  00  00  00  WL  WL  00  00  00  00  00  WL  WL  00  00  00  00  WL  WL  00  00  00  00  00  00  00  00  00  00  WL  WL  
00  00  00  00  00  00  00  00  00  00  00  00  00  WL  WL  00  00  00  00  00  WL  WL  00  00  00  00  WL  WL  00  00  00  00  00  00  00  00  00  00  WL  WL  
00  00  00  00  00  00  00  00  00  00  00  00  00  WL  WL  00  00  00  00  00  WL  WL  00  00  00  00  WL  WL  00  00  00  00  00  00  00  00  00  00  WL  WL  
00  00  00  00  00  00  00  00  00  00  00  00  00  WL  WL  00  00  00  00  00  WL  WL  00  00  00  00  WL  WL  00  00  00  00  00  00  00  00  00  00  WL  WL  
00  00  00  00  00  00  00  00  00  00  00  00  00  WL  WL  00  00  00  00  00  WL  WL  00  00  00  00  WL  WL  00  00  00  00  00  00  00  00  00  00  WL  WL  
00  00  00  00  00  00  00  00  00  00  00  00  00  WL  WL  00  00  00  00  00  WL  WL  00  00  00  00  WL  WL  00  00  00  00  00  00  00  00  00  00  WL  WL  
00  00  00  00  00  00  00  00  00  00  00  00  00  WL  WL  00  00  00  00  00  WL  WL  00  00  00  00  WL  WL  00  00  00  00  00  00  00  00  00  00  WL  WL  
00  00  00  00  00  00  00  00  00  00  00  00  00  WL  WL  00  00  00  00  00  WL  WL  00  00  00  00  WL  WL  00  00  00  00  00  00  00  00  00  00  WL  WL  
00  00  00  00  00  00  00  00  00  00  00  00  00  WL  WL  00  00  00  00  00  WL  WL  00  00  00  00  WL  WL  00  00  00  00  00  00  00  00  00  00  WL  WL  
00  00  00  00  00  00  00  00  00  00  00  00  00  WL  WL  00  00  00  00  00  WL  WL  00  00  00  00  WL  WL  00  00  00  00  00  00  00  00  00  00  WL  WL  
00  00  00  00  00  00  00  00  00  00  00  00  00  WL  WL  00  00  00  00  00  WL  WL  00  00  00  00  WL  WL  00  00  00  00  00  00  00  00  00  00  WL  WL  
00  00  00  00  00  00  00  00  00  00  00  00  00  WL  WL  00  00  00  00  00  WL  WL  00  00  00  00  WL  WL  00  00  00  00  00  00  00  00  00  00  WL  WL  
00  00  00  00  00  00  00  00  00  00  00  00  00  WL  WL  00  00  00  00  00  WL  WL  00  00  00  00  WL  WL  00  00  00  00  00  00  00  00  00  00  WL  WL  
00  00  00  00  00  00  00  00  00  00  00  00  00  WL  WL  00  00  00  00  00  WL  WL  00  00  00  00  WL  WL  00  00  00  00  00  00  00  00  00  00  WL  WL  
00  00  00  00  00  00  00  00  00  00  00  00  00  WL  WL  00  00  00  00  00  WL  WL  00  00  00  00  WL  WL  00  00  00  00  00  00  00  00  00  00  WL  WL  
00  00  00  00  00  00  00  00  00  00  00  00  00  WL  WL  00  00  00  00  00  WL  WL  00  00  00  00  WL  WL  00  00  00  00  00  00  00  00  00  00  WL  WL  
00  00  00  00  00  00  00  00  00  00  00  00  00  WL  WL  00  00  00  00  00  00  00  00  00  00  00  WL  WL  00  00  00  00  00  00  00  00  00  00  WL  WL  
WL  WL  WL  WL  WL  WL  WL  WL  WL  WL  WL  JP  JP  WL  WL  WL  WL  WL  WL  WL  WL  WL  WL  WL  JP  JP  WL  WL  WL  WL  WL  WL  WL  WL  WL  WL  JP  JP  WL  WL  
#
#
Obstical:
00  00  00  00  00  00  00  00  00  00  00  00  00  00  00  00  00  00  00  00  00  00  00  00  00  00  KB  KB  00  00  00  00  00  00  00  00  00  00  KB  KG  
00  00  00  00  00  00  00  00  00  00  00  00  00  00  00  00  00  00  00  00  00  00  00  00  00  00  KB  KB  00  00  00  00  00  00  00  00  00  00  KB  KG  
00  00  00  00  00  00  00  00  00  00  00  00  00  00  00  00  00  00  00  00  00  00  00  00  00  00  KB  KB  00  00  00  00  00  00  00  00  00  00  KB  KG  
00  00  00  00  00  00  00  00  00  00  00  00  00  00  00  00  00  00  00  00  00  00  00  00  00  00  KB  KB  00  00  00  00  00  00  00  00  00  00  KB  KG  
00  00  00  00  00  00  00  00  00  00  00  00  00  00  00  00  00  00  00  00  00  00  00  00  00  00  KB  KB  00  00  00  00  00  00  00  00  00  00  KB  KG  
00  00  00  00  00  00  00  00  00  00  00  00  00  00  00  00  00  00  00  00  00  00  00  00  00  00  KB  KB  00  00  00  00  00  00  00  00  00  00  KB  KG  
00  00  00  00  00  00  00  00  00  00  00  00  00  00  00  00  00  00  00  00  00  00  00  00  00  00  KB  KB  00  00  00  00  00  00  00  00  00  00  00  00  
00  00  00  00  00  00  00  00  00  00  00  00  00  00  00  00  00  00  00  00  00  00  00  00  00  00  KB  KB  00  00  00  00  00  00  00  00  00  00  00  00  
00  00  00  00  00  00  00  00  00  00  00  00  00  00  00  00  00  00  00  00  00  00  00  00  00  00  00  00  00  00  00  00  00  00  00  00  00  00  00  00  
00  00  00  00  00  00  00  00  00  00  00  00  00  00  00  00  00  00  00  00  00  00  00  00  00  00  00  00  00  00  00  00  00  00  00  00  00  00  00  00  
KG  KG  KG  KG  KG  KG  KG  KG  KG  KG  KG  KG  KG  00  00  00  00  00  00  00  00  00  00  00  00  00  00  00  00  00  00  00  00  00  00  00  00  00  00  00  
00  00  00  00  00  00  00  00  00  00  00  00  00  00  00  00  00  00  00  00  00  00  00  00  00  00  00  00  00  00  00  00  00  00  00  00  00  00  00  00  
00  00  00  00  00  00  00  00  00  00  00  00  00  00  00  00  00  00  00  00  00  00  00  00  BK  00  00  00  00  00  00  00  00  00  00  00  00  00  00  00  
00  00  00  00  00  00  00  00  00  00  00  00  00  00  00  00  00  00  00  00  00  00  00  00  00  00  00  00  00  00  00  00  00  00  00  00  00  00  00  00  
00  00  00  00  00  00  00  00  00  00  00  00  00  00  00  00  00  00  00  00  00  00  00  00  00  00  00  00  00  00  00  00  00  00  00  00  00  00  00  00  
00  00  00  00  00  00  00  00  00  00  00  00  00  00  00  00  00  00  00  00  00  00  00  00  00  00  00  00  00  00  00  00  00  00  00  00  00  00  00  00  
00  00  00  00  00  00  00  00  00  00  00  00  00  00  00  00  00  00  00  00  00  00  00  00  00  00  00  00  00  00  00  00  00  00  00  00  00  00  00  00  
00  00  00  00  00  00  00  00  00  00  00  00  00  00  00  00  00  00  00  00  00  00  00  00  00  00  00  00  00  00  00  00  00  00  00  00  00  00  00  00  
00  00  00  00  00  00  00  00  00  00  00  GK  00  00  00  00  00  00  00  00  00  00  00  00  00  00  00  00  00  00  00  00  00  00  00  00  00  00  00  00  
00  00  00  00  00  00  00  00  00  00  00  00  00  00  00  00  00  00  00  00  00  00  00  00  00  00  00  00  00  00  00  00  00  00  00  00  00  00  00  00  
00  00  00  00  00  00  00  00  00  00  00  00  00  00  00  00  00  00  00  00  00  00  00  00  00  00  00  00  00  00  00  00  00  00  00  00  00  00  00  00  
00  00  00  00  00  00  00  00  00  00  00  00  00  00  00  00  00  00  00  00  00  00  00  00  00  00  00  00  00  00  00  00  00  00  00  00  00  00  00  00  
00  00  00  00  00  00  00  00  00  00  00  00  00  00  00  00  00  00  00  00  00  00  00  00  00  00  00  00  00  00  00  00  00  00  00  00  00  00  00  00  
00  00  00  00  00  00  00  00  00  00  00  00  00  00  00  00  00  00  00  00  00  00  00  00  00  00  00  00  00  00  00  00  00  00  00  00  00  00  00  00  
00  00  00  00  00  00  00  00  00  00  00  00  00  00  00  00  00  00  00  00  00  00  00  00  00  00  00  00  00  00  00  00  00  00  00  00  00  00  00  00  
00  00  00  00  00  00  00  00  00  00  00  00  00  00  00  00  00  00  00  00  00  00  00  00  00  00  00  00  00  00  00  00  00  00  00  00  00  00  00  00  
00  00  00  00  00  00  00  00  00  00  00  00  00  00  00  00  00  00  00  00  00  00  00  00  00  00  00  00  00  00  00  00  00  00  00  00  00  00  00  00  
00  00  00  00  00  00  00  00  00  00  00  00  00  00  00  00  00  00  00  00  00  00  00  00  00  00  00  00  00  00  00  00  00  00  00  00  00  00  00  00  
00  00  00  00  00  00  00  00  00  00  00  00  00  00  00  00  00  00  00  00  00  00  00  00  00  00  00  00  00  00  00  00  00  00  00  00  00  00  00  00  
00  00  00  00  00  00  00  00  00  00  00  00  00  00  00  00  00  00  00  00  00  00  00  00  00  00  00  00  00  00  00  00  00  00  00  00  00  00  00  00  
#
#
Player:
0 28
#
#
Comment:
1 1
Level 1-8

Grabbing a Green Key Unlocks the
 Red Doors with the Green Lock
Grabbing a Blue Key Unlocks the
 Red Doors with a Blue Lock

# vim: set nu:
