Background:
00  00  00  00  00  00  00  00  00  00  00  00  00  00  00  00  00  00  00  00  WL  WL  00  00  00  00  00  00  00  00  00  00  WL  WL  00  00  00  00  00  00  
00  00  00  00  00  00  00  00  00  00  00  00  00  00  00  00  00  00  00  00  WL  WL  00  00  00  00  00  00  00  00  00  00  WL  WL  00  00  00  00  00  00  
00  00  00  00  00  00  00  00  00  00  00  00  00  00  00  00  00  00  00  00  WL  WL  00  00  00  00  00  00  00  00  00  00  WL  WL  00  00  00  00  00  00  
00  00  00  00  00  00  00  00  00  00  00  00  00  00  00  00  00  00  00  00  WL  WL  00  00  00  00  00  00  00  00  00  00  WL  WL  00  00  00  00  00  00  
00  00  00  00  00  00  00  00  00  00  00  00  00  00  00  00  00  00  00  00  WL  WL  00  00  00  00  00  00  00  00  00  00  WL  WL  00  00  00  00  00  00  
00  00  00  00  00  00  00  00  00  00  00  00  00  00  00  00  00  00  00  00  WL  WL  00  00  00  00  00  00  00  00  00  00  WL  WL  00  00  00  00  00  00  
00  00  00  00  00  00  00  00  00  00  00  00  00  00  00  00  00  00  00  00  WL  WL  00  00  00  00  WL  WL  00  00  00  00  WL  WL  00  00  00  00  WL  WL  
00  00  00  00  00  00  00  00  00  00  00  00  00  00  00  00  00  00  00  00  WL  WL  00  00  00  00  WL  WL  00  00  00  00  WL  WL  00  00  00  00  WL  WL  
00  00  00  00  00  00  00  00  00  00  00  00  00  00  00  00  00  00  00  00  WL  WL  00  00  00  00  WL  WL  00  00  00  00  WL  WL  00  00  00  00  WL  WL  
00  00  00  00  00  00  00  00  00  00  00  00  00  00  00  00  00  00  00  00  WL  WL  00  00  00  00  WL  WL  00  00  00  00  WL  WL  00  00  00  00  WL  WL  
00  00  00  00  00  00  00  00  00  00  00  00  00  WL  WL  00  00  00  00  00  WL  WL  00  00  00  00  WL  WL  00  00  00  00  WL  WL  00  00  00  00  WL  WL  
00  00  00  00  00  00  00  00  00  00  00  00  00  WL  WL  00  00  00  00  00  WL  WL  00  00  00  00  WL  WL  00  00  00  00  WL  WL  00  00  00  00  WL  WL  
00  00  00  00  00  00  00  00  00  00  00  00  00  WL  WL  00  00  00  00  00  WL  WL  00  00  00  00  WL  WL  00  00  00  00  WL  WL  00  00  00  00  WL  WL  
00  00  00  00  00  00  00  00  00  00  00  00  00  WL  WL  00  00  00  00  00  WL  WL  00  00  00  00  WL  WL  00  00  00  00  WL  WL  00  00  00  00  WL  WL  
00  00  00  00  00  00  00  00  00  00  00  00  00  WL  WL  00  00  00  00  00  WL  WL  00  00  00  00  WL  WL  00  00  00  00  WL  WL  00  00  00  00  WL  WL  
00  00  00  00  00  00  00  00  00  00  00  00  00  WL  WL  00  00  00  00  00  WL  WL  00  00  00  00  WL  WL  00  00  00  00  WL  WL  00  00  00  00  WL  WL  
00  00  00  00  00  00  00  00  00  00  00  00  00  WL  WL  00  00  00  00  00  WL  WL  00  00  00  00  WL  WL  00  00  00  00  WL  WL  00  00  00  00  WL  WL  
00  00  00  00  00  00  00  00  00  00  00  00  00  WL  WL  00  00  00  00  00  WL  WL  00  00  00  00  WL  WL  00  00  00  00  WL  WL  00  00  00  00  WL  WL  
00  00  00  00  00  00  00  00  00  00  00  00  00  WL  WL  00  00  00  00  00  WL  WL  00  00  00  00  WL  WL  00  00  00  00  WL  WL  00  00  00  00  WL  WL  
00  00  00  00  00  00  00  00  00  00  00  00  00  WL  WL  00  00  00  00  00  WL  WL  00  00  00  00  WL  WL  00  00  00  00  WL  WL  00  00  00  00  WL  WL  
00  00  00  00  00  00  00  00  00  00  00  00  00  WL  WL  00  00  00  00  00  WL  WL  00  00  00  00  WL  WL  00  00  00  00  WL  WL  00  00  00  00  WL  WL  
00  00  00  00  00  00  00  00  00  00  00  00  00  WL  WL  00  00  00  00  00  WL  WL  00  00  00  00  WL  WL  00  00  00  00  WL  WL  00  00  00  00  WL  WL  
00  00  00  00  00  00  00  00  00  00  00  00  00  WL  WL  00  00  00  00  00  WL  WL  00  00  00  00  WL  WL  00  00  00  00  WL  WL  00  00  00  00  WL  WL  
00  00  00  00  00  00  00  00  00  00  00  00  00  WL  WL  00  00  00  00  00  WL  WL  00  00  00  00  WL  WL  00  00  00  00  WL  WL  00  00  00  00  WL  WL  
00  00  00  00  00  00  00  00  00  00  00  00  00  WL  WL  00  00  00  00  00  WL  WL  00  00  00  00  WL  WL  00  00  00  00  WL  WL  00  00  00  00  WL  WL  
00  00  00  00  00  00  00  00  00  00  00  00  00  WL  WL  00  00  00  00  00  WL  WL  00  00  00  00  WL  WL  00  00  00  00  WL  WL  00  00  00  00  WL  WL  
00  00  00  00  00  00  00  00  00  00  00  00  00  WL  WL  00  00  00  00  00  WL  WL  00  00  00  00  WL  WL  00  00  00  00  WL  WL  00  00  00  00  WL  WL  
00  00  00  00  00  00  00  00  00  00  00  00  00  WL  WL  00  00  00  00  00  WL  WL  00  00  00  00  WL  WL  00  00  00  00  WL  WL  00  00  00  00  WL  WL  
00  00  00  00  00  00  00  00  00  00  00  00  00  WL  WL  00  00  00  00  00  00  00  00  00  00  00  WL  WL  00  00  00  00  00  00  00  00  00  00  WL  WL  
WL  WL  WL  WL  WL  WL  WL  WL  WL  WL  WL  WL  WL  WL  WL  WL  WL  WL  WL  WL  WL  WL  WL  WL  WL  WL  WL  WL  WL  WL  WL  WL  WL  WL  WL  WL  WL  WL  WL  WL  
#
#
Obstical:
00  00  00  00  00  00  00  00  00  00  00  00  00  00  00  00  00  00  00  00  00  00  00  00  00  00  00  00  00  00  00  00  00  00  00  00  00  00  00  00  
00  00  00  00  00  00  00  00  00  00  00  00  00  00  00  00  00  00  00  00  00  00  00  00  00  00  00  00  00  00  00  00  00  00  00  00  00  00  00  00  
00  00  00  00  00  00  00  00  00  00  00  00  00  00  00  00  00  00  00  00  00  00  00  00  00  00  00  00  00  00  00  00  00  00  00  00  00  00  00  00  
00  00  00  00  00  00  00  00  00  00  00  00  00  00  00  00  00  00  00  00  00  00  00  00  00  00  00  00  00  00  00  00  00  00  00  00  00  00  00  00  
00  00  00  00  00  00  00  00  00  00  00  00  00  00  00  00  00  00  00  00  00  00  00  00  00  00  00  00  00  00  00  00  00  00  00  00  00  00  00  00  
00  00  00  00  00  00  00  00  00  00  00  00  00  00  00  00  00  00  00  00  00  00  00  00  00  00  00  00  00  00  00  00  00  00  00  00  00  00  00  00  
00  00  00  00  00  00  00  00  00  00  00  00  00  00  00  00  00  00  00  00  00  00  00  00  JA  00  00  00  00  00  00  00  00  00  00  00  JA  00  00  00  
00  00  00  00  00  00  00  00  00  00  00  00  00  00  00  00  00  00  00  00  00  00  00  00  00  00  00  00  00  00  00  00  00  00  00  00  00  00  00  00  
00  00  00  00  00  00  00  00  00  00  00  00  00  00  00  00  00  00  00  00  00  00  00  00  00  00  00  00  00  00  00  00  00  00  00  00  00  00  00  00  
00  00  00  00  00  00  00  00  00  00  00  00  00  00  00  00  00  00  00  00  00  00  00  00  00  00  00  00  00  00  00  00  00  00  00  00  00  00  00  00  
00  00  00  00  00  00  00  00  00  00  00  00  00  00  00  00  00  00  00  00  00  00  00  00  00  00  00  00  00  00  00  00  00  00  00  00  00  00  00  00  
00  00  00  00  00  00  00  00  00  00  00  00  00  00  00  00  00  00  00  00  00  00  00  00  00  00  00  00  00  00  00  00  00  00  00  00  00  00  00  00  
00  00  00  00  00  00  00  00  00  00  00  JA  00  00  00  00  00  00  00  00  00  00  00  00  JA  00  00  00  00  00  00  00  00  00  00  00  JA  00  00  00  
00  00  00  00  00  00  00  00  00  00  00  00  00  00  00  00  00  00  00  00  00  00  00  00  00  00  00  00  00  00  00  00  00  00  00  00  00  00  00  00  
00  00  00  00  00  00  00  00  00  00  00  00  00  00  00  00  00  00  00  00  00  00  00  00  00  00  00  00  00  00  00  00  00  00  00  00  00  00  00  00  
00  00  00  00  00  00  00  00  00  00  00  00  00  00  00  00  00  00  00  00  00  00  00  00  00  00  00  00  00  00  00  00  00  00  00  00  00  00  00  00  
00  00  00  00  00  00  00  00  00  00  00  00  00  00  00  00  00  00  00  00  00  00  00  00  00  00  00  00  00  00  00  00  00  00  00  00  00  00  00  00  
00  00  00  00  00  00  00  00  00  00  00  00  00  00  00  00  00  00  00  00  00  00  00  00  00  00  00  00  00  00  00  00  00  00  00  00  00  00  00  00  
00  00  00  00  00  00  00  00  00  00  00  JA  00  00  00  00  00  00  00  00  00  00  00  00  JA  00  00  00  00  00  00  00  00  00  00  00  JA  00  00  00  
00  00  00  00  00  00  00  00  00  00  00  00  00  00  00  00  00  00  00  00  00  00  00  00  00  00  00  00  00  00  00  00  00  00  00  00  00  00  00  00  
00  00  00  00  00  00  00  00  00  00  00  00  00  00  00  00  00  00  00  00  00  00  00  00  00  00  00  00  00  00  00  00  00  00  00  00  00  00  00  00  
00  00  00  00  00  00  00  00  00  00  00  00  00  00  00  00  00  00  00  00  00  00  00  00  00  00  00  00  00  00  00  00  00  00  00  00  00  00  00  00  
00  00  00  00  00  00  00  00  00  00  00  00  00  00  00  00  00  00  00  00  00  00  00  00  00  00  00  00  00  00  00  00  00  00  00  00  00  00  00  00  
00  00  00  00  00  00  00  00  00  00  00  00  00  00  00  00  00  00  00  00  00  00  00  00  00  00  00  00  00  00  00  00  00  00  00  00  00  00  00  00  
00  00  00  00  00  00  00  00  00  00  00  00  00  00  00  00  00  00  00  00  00  00  00  00  00  00  00  00  00  00  00  00  00  00  00  00  00  00  00  00  
00  00  00  00  00  00  00  00  00  00  00  00  00  00  00  00  00  00  00  00  00  00  00  00  00  00  00  00  00  00  00  00  00  00  00  00  00  00  00  00  
00  00  00  00  00  00  00  00  00  00  00  00  00  00  00  00  00  00  00  00  00  00  00  00  00  00  00  00  00  00  00  00  00  00  00  00  00  00  00  00  
00  00  00  00  00  00  00  00  00  00  00  00  00  00  00  00  00  00  00  00  00  00  00  00  00  00  00  00  00  00  00  00  00  00  00  00  00  00  00  00  
00  00  00  00  00  00  00  00  00  00  00  00  00  00  00  00  00  00  00  00  00  00  00  00  00  00  00  00  00  00  00  00  00  00  00  00  00  00  00  00  
00  00  00  00  00  00  00  00  00  00  00  00  00  00  00  00  00  00  00  00  00  00  00  00  00  00  00  00  00  00  00  00  00  00  00  00  00  00  00  00  
#
#
Player:
0 28
#
#
Comment:
1 1
Level 1-7

Those Golden Triangles Will
Restore your Ability to Double Jump.

Time to Master your Timing on Your Jumps.
Don't Worry, They Respawn...

# vim: set nu:
