Background:
00  00  00  00  00  00  00  00  00  00  00  00  00  00  00  00  00  00  00  00  00  00  00  00  00  00  00  00  00  00  00  00  00  00  00  WL  00  00  00  00  
00  00  00  00  00  00  00  00  00  00  00  00  00  00  00  00  00  00  00  00  00  00  00  00  00  00  00  00  00  00  00  00  00  00  00  WL  00  00  00  00  
00  00  00  00  00  00  00  00  00  00  00  00  00  00  00  00  00  00  00  00  00  00  00  00  00  00  00  00  00  00  00  00  00  00  00  WL  00  00  00  00  
00  00  00  00  00  00  00  00  00  00  00  00  00  00  00  00  00  00  00  00  00  00  00  00  00  00  00  00  00  00  00  00  00  00  00  WL  00  00  00  00  
00  00  00  00  00  00  00  00  00  00  00  00  00  00  00  00  00  00  00  00  00  00  00  00  00  00  00  00  00  00  00  00  00  00  00  WL  00  00  00  00  
00  00  00  00  00  00  00  00  00  00  00  00  00  00  00  00  00  00  00  00  00  00  00  00  00  00  00  00  00  00  00  00  00  00  00  WL  00  00  00  00  
00  00  00  00  00  00  00  00  00  00  00  00  00  00  00  00  00  00  00  00  00  00  00  00  00  00  00  00  00  00  00  00  00  00  00  WL  00  00  00  WL  
00  00  00  00  00  00  00  00  00  00  00  00  00  00  00  00  00  00  00  00  00  00  00  00  00  00  00  00  00  00  00  00  00  00  00  WL  WL  WL  00  WL  
00  00  00  00  00  00  00  00  00  00  00  00  00  00  00  00  00  00  00  00  00  00  00  00  00  00  00  00  00  00  00  00  00  00  00  WL  00  00  00  WL  
00  00  00  00  00  00  00  00  00  00  00  00  00  00  00  00  00  00  00  00  00  00  00  00  00  00  00  00  00  00  00  00  00  00  00  WL  00  00  00  WL  
WL  WL  WL  WL  WL  WL  WL  WL  WL  WL  WL  WL  WL  WL  WL  WL  WL  WL  WL  WL  WL  WL  WL  WL  WL  WL  WL  WL  WL  WL  WL  00  00  00  00  WL  00  00  00  WL  
00  00  00  00  00  00  00  00  00  00  00  00  00  00  00  00  00  00  00  00  00  00  00  00  00  00  00  00  00  00  WL  00  00  00  00  WL  00  00  00  WL  
00  00  00  00  00  00  00  00  00  00  00  00  00  00  00  00  00  00  00  00  00  00  00  00  00  00  00  00  00  00  WL  00  00  00  00  WL  00  00  00  WL  
00  00  00  00  00  00  00  00  00  00  00  00  00  00  00  00  00  00  00  00  00  00  00  00  00  00  00  00  00  00  WL  00  00  00  00  WL  00  00  00  WL  
00  00  00  00  00  00  00  00  00  00  00  00  00  00  00  00  00  00  00  00  00  00  00  00  00  00  00  00  00  00  WL  00  00  00  00  WL  00  00  00  WL  
00  00  00  00  00  00  00  00  00  00  00  00  00  00  00  00  00  00  00  00  00  00  00  00  00  00  00  00  00  00  WL  00  00  00  00  WL  00  00  00  WL  
00  00  00  00  00  00  00  00  00  00  00  00  00  00  00  00  00  00  00  00  00  00  00  00  00  00  00  00  00  00  WL  00  00  00  00  WL  00  00  00  WL  
00  00  00  00  00  00  00  00  00  00  00  00  00  00  00  00  00  00  00  00  00  00  00  00  00  00  00  00  00  00  WL  00  00  00  00  WL  00  00  00  WL  
WL  WL  WL  WL  WL  WL  WL  WL  WL  WL  WL  WL  WL  WL  WL  WL  WL  WL  WL  WL  WL  WL  WL  WL  WL  JP  JP  JP  JP  00  WL  00  00  00  00  WL  00  00  00  WL  
00  00  00  00  00  00  00  00  00  00  00  00  00  00  00  00  00  00  00  00  00  00  00  00  00  00  00  00  00  00  00  00  00  00  00  WL  00  00  00  WL  
00  00  00  00  00  00  00  00  00  00  00  00  00  00  00  00  00  00  00  00  00  00  00  00  00  00  00  00  00  00  00  00  00  00  00  WL  00  00  00  WL  
00  00  00  00  00  00  00  00  00  00  00  00  00  00  00  00  00  00  00  00  00  00  00  00  00  00  00  00  00  00  00  00  00  00  00  WL  00  00  00  WL  
WL  WL  00  00  00  00  00  00  00  00  00  00  00  00  00  00  00  00  00  00  00  00  00  00  00  00  00  00  00  00  JP  JP  JP  JP  00  WL  00  00  00  WL  
WL  WL  WL  WL  WL  WL  WL  WL  WL  WL  WL  WL  WL  WL  WL  WL  WL  WL  WL  WL  WL  WL  WL  WL  WL  WL  WL  WL  WL  WL  WL  WL  WL  WL  00  WL  00  00  00  WL  
00  00  00  00  00  00  00  00  00  00  00  00  00  00  00  00  00  00  00  00  00  00  00  00  00  00  00  00  00  00  00  00  00  00  00  WL  00  00  00  WL  
00  00  00  00  00  00  00  00  00  00  00  00  00  00  00  00  00  00  00  00  00  00  00  00  00  00  00  00  00  00  00  00  00  00  00  00  00  00  00  WL  
00  00  00  00  00  00  00  00  00  00  00  00  00  00  00  00  00  00  00  00  00  00  00  00  00  00  00  00  00  00  00  00  00  00  00  00  00  00  00  WL  
00  00  00  00  00  00  00  00  00  00  00  00  00  00  00  00  00  00  00  00  00  00  00  00  00  00  00  00  00  00  00  00  00  00  00  00  00  00  00  WL  
WL  WL  00  00  00  00  00  00  00  00  00  00  00  00  00  00  00  00  00  00  00  00  00  00  00  00  00  00  00  00  00  00  00  00  00  JP  JP  JP  JP  WL  
WL  WL  WL  WL  WL  WL  WL  WL  WL  WL  WL  WL  WL  WL  WL  WL  WL  WL  WL  WL  WL  WL  WL  WL  WL  WL  WL  WL  WL  WL  WL  WL  WL  WL  WL  WL  WL  WL  WL  WL  
#
#
Obstical:
00  00  00  00  00  00  00  00  00  00  00  00  00  00  00  00  00  00  00  00  00  00  00  00  00  00  00  00  00  00  00  00  00  00  00  00  00  00  00  KG  
00  00  00  00  00  00  00  00  00  00  00  00  00  00  00  00  00  00  00  00  00  00  00  00  00  00  00  00  00  00  00  00  00  00  00  00  00  00  00  KB  
00  00  00  00  00  00  00  00  00  00  00  00  00  00  00  00  00  00  00  00  00  00  00  00  00  00  00  00  00  00  00  00  00  00  00  00  00  00  00  KG  
00  00  00  00  00  00  00  00  00  00  00  00  00  00  00  00  00  00  00  00  00  00  00  00  00  00  00  00  00  00  00  00  00  00  00  00  00  00  00  KB  
00  00  00  00  00  00  00  00  00  00  00  00  00  00  00  00  00  00  00  00  00  00  00  00  00  00  00  00  00  00  00  00  00  00  00  00  00  00  00  KG  
00  00  00  00  00  00  00  00  00  00  00  00  00  00  00  00  00  00  00  00  00  00  00  00  00  00  00  00  00  00  00  00  00  00  00  00  00  00  00  KB  
00  00  00  00  00  00  00  00  00  00  00  00  00  00  00  00  00  00  00  00  00  00  00  00  00  00  00  00  00  00  00  00  00  00  00  00  LC  00  00  00  
00  00  00  00  00  00  00  00  00  00  00  00  00  00  00  00  00  00  00  00  00  00  00  00  00  00  00  00  00  00  00  00  00  00  00  00  00  00  GT  00  
00  00  00  00  00  00  00  00  00  00  00  00  00  00  00  00  00  00  00  00  00  00  00  00  00  00  00  00  00  00  00  00  00  00  00  00  00  00  LG  00  
00  00  00  00  00  00  00  00  00  00  00  00  00  00  00  00  00  00  00  00  00  00  00  00  00  00  00  00  00  00  00  00  00  00  00  00  00  00  00  00  
00  00  00  00  00  00  00  00  00  00  00  00  00  00  00  00  00  00  00  00  00  00  00  00  00  00  00  00  00  00  00  00  00  00  00  00  00  00  00  00  
00  00  00  00  00  00  00  00  00  00  00  00  00  00  00  00  00  00  00  00  00  00  00  00  00  00  00  00  00  00  00  00  00  00  00  00  00  00  00  00  
00  00  00  00  00  00  00  00  00  00  00  00  00  00  00  00  00  00  00  00  00  00  00  00  00  00  00  00  00  00  00  00  00  00  00  00  00  00  00  00  
00  00  00  00  00  00  00  00  00  00  00  00  00  00  00  00  00  00  00  00  00  00  00  00  00  00  00  00  00  00  00  00  00  00  00  00  00  00  00  00  
00  00  00  00  00  00  00  00  00  00  00  00  00  00  00  00  00  00  00  00  00  00  00  00  00  LC  LC  LC  LC  LC  00  00  00  00  00  00  00  00  00  00  
00  00  00  00  00  00  00  00  00  00  00  00  00  00  00  00  00  00  00  00  00  00  00  00  00  GK  00  00  00  BK  00  00  00  00  00  00  00  00  00  00  
00  00  00  00  00  00  00  00  00  00  00  00  00  00  00  00  00  00  00  00  00  00  PS  PR  PR  LC  LC  LC  LC  LC  00  00  00  00  00  00  00  00  00  00  
00  00  00  00  00  00  00  00  00  00  00  00  00  00  00  00  00  00  00  00  00  00  00  00  00  00  00  00  00  00  00  00  00  00  00  00  00  00  00  00  
00  00  00  00  00  00  00  00  00  00  00  00  00  00  00  00  00  00  00  00  00  00  00  00  00  00  00  00  00  GT  00  00  00  00  00  00  00  00  00  00  
00  00  00  00  00  00  00  00  00  00  00  00  00  00  00  00  00  00  00  00  00  00  00  00  00  00  00  00  00  00  LC  LC  LC  LC  LC  00  00  00  00  00  
PR  PR  FB  FB  FB  FB  FB  FB  FB  FB  FB  FB  FB  FB  FB  FB  FB  FB  FB  FB  FB  FB  FB  FB  FB  FB  FB  FB  FB  FB  00  00  00  00  00  00  00  00  00  00  
00  00  00  00  00  00  00  00  00  00  00  00  00  00  00  00  00  00  00  00  00  00  00  00  00  00  00  00  00  00  00  00  00  00  00  00  00  00  00  00  
00  00  LC  LC  LC  LC  LC  LC  LC  LC  LC  LC  LC  LC  LC  LC  LC  LC  LC  LC  LC  LC  LC  LC  LC  LC  LC  LC  LC  LC  00  00  00  00  00  00  00  00  00  00
00  00  00  00  00  00  00  00  00  00  00  00  00  00  00  00  00  00  00  00  00  00  00  00  00  00  00  00  00  00  00  00  00  00  GT  00  00  00  00  00  
00  00  00  00  00  00  00  00  00  00  00  00  00  00  00  00  00  00  00  00  00  00  00  00  00  00  00  00  00  00  00  00  00  00  00  00  00  00  00  00  
00  00  00  00  00  00  00  00  00  00  00  00  00  00  00  00  00  00  00  00  00  00  00  00  00  00  00  00  00  00  00  00  00  00  00  00  00  00  00  00  
PR  PR  FB  FB  FB  FB  FB  FB  FB  FB  FB  FB  FB  FB  FB  FB  FB  FB  FB  FB  FB  FB  FB  FB  FB  FB  FB  FB  FB  FB  FB  FB  FB  FB  FB  LC  LC  LC  00  LC  
00  00  00  00  00  00  00  00  00  00  00  00  00  00  00  00  00  00  00  00  00  00  00  00  00  00  00  00  00  00  00  00  00  00  00  00  00  00  00  00  
00  00  LC  LC  LC  LC  LC  LC  LC  LC  LC  LC  LC  LC  LC  LC  LC  LC  LC  LC  LC  LC  LC  LC  LC  LC  LC  LC  LC  LC  LC  LC  LC  LC  LC  00  00  00  00  00
00  00  00  00  00  00  00  00  00  00  00  00  00  00  00  00  00  00  00  00  00  00  00  00  00  00  00  00  00  00  00  00  00  00  00  00  00  00  00  00  
#
#
Player:
0 17
#
#
Comment:
1 1
Level 2-5

This one will require both speed and finesse.

You should probably grab those Square Blue and Green Keys
 Unless you don't want to open the locked gates at the end of the level...
# vim: set nu:
