# map 2-4.txt
Background:
00  00  00  00  00  00  00  00  00  00  00  00  00  00  00  00  00  00  00  00  00  00  00  00  00  00  00  00  00  00  00  00  00  00  00  00  00  00  00  00  
00  00  00  00  00  00  00  00  00  00  00  00  00  00  00  00  00  00  00  00  00  00  00  00  00  00  00  00  00  00  00  00  00  00  00  00  00  00  00  WL  
00  00  00  00  00  00  00  00  00  00  00  00  00  00  00  00  00  00  00  00  00  00  00  00  00  00  00  00  00  00  00  00  00  00  00  00  00  00  00  WL  
00  00  00  00  00  00  00  00  00  00  00  00  00  00  00  00  00  00  00  00  00  00  00  00  00  00  00  00  00  00  00  00  00  00  00  00  00  00  00  WL  
00  00  00  00  00  00  00  00  00  00  00  00  00  00  00  00  00  00  00  00  00  00  00  00  00  00  00  00  00  00  00  00  00  00  00  00  00  00  00  WL  
00  00  00  00  00  00  00  00  00  00  00  00  00  00  00  00  00  00  00  00  00  00  00  00  00  00  00  00  00  00  00  00  00  00  00  00  00  00  00  WL  
00  00  00  00  00  00  00  00  00  00  00  00  00  00  00  00  00  00  00  00  00  00  00  00  00  00  00  00  00  00  00  00  00  00  00  00  00  00  00  WL  
00  00  00  00  00  00  00  00  00  00  00  00  00  00  00  00  00  00  00  00  00  00  00  00  00  00  00  00  00  00  00  00  00  00  00  00  00  00  00  WL  
00  00  00  00  00  00  00  00  00  00  00  00  00  00  00  00  00  00  00  00  00  00  00  00  00  00  00  00  00  00  00  00  00  00  00  00  00  00  00  WL  
00  00  00  00  00  00  00  00  00  00  00  00  00  00  00  00  00  00  00  00  00  00  00  00  00  00  00  00  00  00  00  00  00  00  00  00  00  00  00  WL  
00  00  00  00  00  00  00  00  00  00  00  00  00  00  00  00  00  00  00  00  00  00  00  00  00  00  00  00  00  00  00  00  00  00  00  00  00  00  00  WL  
00  00  00  00  00  00  00  00  00  00  00  00  00  00  00  00  00  00  00  00  00  00  00  00  00  00  00  00  00  00  00  00  00  00  00  00  00  00  00  WL  
00  00  00  00  00  00  00  00  00  00  00  00  00  00  00  00  00  00  00  00  00  00  00  00  00  00  00  00  00  00  00  00  00  00  00  00  00  00  00  WL  
00  00  00  00  00  00  00  00  00  00  00  00  00  00  00  00  00  00  00  00  00  00  00  00  00  00  00  00  00  00  00  00  00  00  00  00  00  00  00  WL  
00  00  00  00  00  00  00  00  00  00  00  00  00  00  00  00  00  00  00  00  00  00  00  00  00  00  00  00  00  00  00  00  00  00  00  00  00  00  00  WL  
00  00  00  00  00  00  00  00  00  00  00  00  00  00  00  00  00  00  00  00  00  00  00  00  00  00  00  00  00  00  00  00  00  00  00  00  00  00  00  WL  
00  00  00  00  00  00  00  00  00  00  00  00  00  00  00  00  00  00  00  00  00  00  00  00  00  00  00  00  00  00  00  00  00  00  00  00  00  00  00  WL  
00  00  00  00  00  00  00  00  00  00  00  00  00  00  00  00  00  00  00  00  00  00  00  00  00  00  00  00  00  00  00  00  00  00  00  00  00  00  00  WL  
00  00  00  00  00  00  00  00  00  00  00  00  00  00  00  00  00  00  00  00  00  00  00  00  00  00  00  00  00  00  00  00  00  00  00  00  00  00  00  WL  
WL  00  00  00  00  00  00  00  00  00  00  00  00  00  00  00  00  00  00  00  00  00  00  00  00  00  00  00  00  00  00  00  00  00  00  00  00  00  00  WL  
00  00  00  00  00  00  00  00  00  00  00  00  00  00  00  00  00  00  00  00  00  00  00  00  00  00  00  00  00  00  00  00  00  00  00  00  00  00  00  WL  
00  00  00  00  00  00  00  00  00  00  00  00  00  00  00  00  00  00  00  00  00  00  00  00  00  00  00  00  00  00  00  00  00  00  00  00  00  00  00  WL  
00  00  00  00  00  00  00  00  00  00  00  00  00  00  00  00  00  00  00  00  00  00  00  00  00  00  00  00  00  00  00  00  00  00  00  00  00  00  00  WL  
00  00  00  00  00  00  00  00  00  00  00  00  00  00  00  00  00  00  00  00  00  00  00  00  00  00  00  00  00  00  00  00  00  00  00  00  00  00  00  WL  
00  00  00  00  00  00  00  00  00  00  00  00  00  00  00  00  00  00  00  00  00  00  00  00  00  00  00  00  00  00  00  00  00  00  00  00  00  00  00  WL  
00  00  00  00  00  00  00  00  00  00  00  00  00  00  00  00  00  00  00  00  00  00  00  00  00  00  00  00  00  00  00  00  00  00  00  00  00  00  00  WL  
00  00  00  00  00  00  00  00  00  00  00  00  00  00  00  00  00  00  00  00  00  00  00  00  00  00  00  00  00  00  00  00  00  00  00  00  00  00  00  WL  
00  00  00  00  00  00  00  00  00  00  00  00  00  00  00  00  00  00  00  00  00  00  00  00  00  00  00  00  00  00  00  00  00  00  00  00  00  00  00  WL  
00  00  00  00  00  00  00  00  00  00  00  00  00  00  00  00  00  00  00  00  00  00  00  00  00  00  00  00  00  00  00  00  00  00  00  00  00  00  00  WL  
00  00  00  00  00  00  00  00  00  00  00  00  00  00  00  00  00  00  00  00  00  00  00  00  00  00  00  00  00  00  00  00  00  00  00  00  WL  WL  WL  WL  
#
#
Obstical:
CN  00  00  00  00  GT  00  00  00  00  00  00  00  00  00  00  00  00  00  00  GT  00  00  00  GT  00  00  00  00  00  00  00  00  00  00  00  00  GT  00  00  
00  00  00  00  00  LV  00  00  00  00  00  00  00  00  00  00  00  00  00  00  LV  00  00  00  LV  00  00  00  00  00  00  00  00  00  00  00  00  LV  00  00  
00  00  00  00  00  LV  00  00  00  00  00  00  00  00  00  00  00  00  00  00  LV  00  00  00  LV  00  00  00  00  00  00  00  00  00  00  00  00  LV  00  00  
00  00  00  00  00  LV  00  00  00  00  00  00  00  00  00  00  00  00  00  00  LV  00  00  00  LV  00  00  00  00  00  00  00  00  00  00  00  00  LV  00  00  
00  00  00  00  00  LV  00  00  00  00  00  00  00  00  00  00  00  00  00  00  LV  00  00  00  LV  00  00  00  00  00  00  00  00  00  00  00  00  LV  00  00  
00  00  00  00  00  LV  00  00  00  00  00  00  00  00  00  00  00  00  00  00  LV  00  00  00  LV  00  00  00  00  00  00  00  00  00  00  00  00  LV  00  00  
00  00  00  00  00  LV  00  00  00  00  00  00  00  00  00  00  00  00  00  00  LV  00  00  00  LV  00  00  00  00  00  00  00  00  00  00  00  00  LV  00  00  
00  00  00  00  00  00  00  00  00  00  00  00  00  00  00  00  00  00  JA  00  LV  00  00  00  LV  00  00  00  00  00  00  00  00  00  00  00  00  LV  00  00  
LH  LH  LH  LH  LH  LH  LH  LH  LH  LH  LH  FB  FB  PL  PL  FB  FB  00  00  00  LV  00  00  00  LV  00  00  00  00  00  00  00  00  00  00  00  00  LV  00  00  
00  00  00  00  00  00  00  00  00  00  00  00  00  00  00  00  LV  00  00  00  LV  00  00  00  LV  00  00  00  00  00  00  00  00  00  00  00  00  LV  00  00  
00  00  00  00  00  00  00  00  00  00  00  00  00  00  00  00  LV  00  00  00  00  00  00  00  LV  00  00  00  00  00  00  00  00  00  00  00  00  LV  00  00
00  00  00  00  00  00  00  00  00  00  00  00  00  00  00  00  LV  00  00  00  00  00  00  00  LV  00  00  00  00  00  00  00  00  00  00  00  00  LV  00  00  
00  00  00  00  00  00  00  00  00  00  00  00  00  00  00  00  LV  00  00  00  00  00  00  00  LV  00  00  00  00  00  00  00  00  00  00  00  00  LV  00  00  
00  00  00  00  00  00  00  00  00  00  00  00  00  00  00  00  LV  00  00  00  00  00  00  00  LV  00  00  00  00  00  00  00  00  00  00  00  00  LV  00  00  
00  00  00  00  00  00  00  00  00  00  00  00  00  00  00  00  LV  00  00  00  00  00  00  00  LV  00  00  00  00  00  00  00  00  00  00  00  00  LV  00  00  
00  00  00  00  00  00  00  00  00  00  00  00  00  00  00  00  LV  00  00  00  00  00  00  00  00  00  00  00  00  00  00  00  00  00  00  00  00  LV  00  00  
00  00  00  00  00  00  00  00  00  00  00  00  00  00  00  PS  LC  LH  LH  LH  LH  LH  LH  LH  LC  PL  PL  PL  PL  00  00  00  00  00  00  00  00  LV  00  00  
CN  00  00  JA  00  00  00  00  00  00  00  00  00  00  00  00  00  00  00  00  00  00  00  00  00  00  00  00  00  00  00  00  00  00  00  00  00  GT  00  00  
00  00  00  00  00  00  00  00  00  00  00  00  00  00  00  00  00  00  00  00  00  00  00  00  00  00  00  00  00  00  00  00  00  00  00  00  00  LV  00  00  
00  00  00  00  00  00  00  00  00  00  00  00  00  00  00  00  00  00  00  00  00  00  00  00  00  00  00  00  00  00  00  00  00  00  00  00  00  LV  00  00  
00  00  00  00  00  00  00  00  00  00  00  00  00  00  00  00  00  00  00  00  00  00  00  00  00  00  00  00  00  00  00  00  00  00  00  00  00  LV  00  00  
00  00  00  00  00  00  00  00  00  00  00  00  00  00  00  00  00  00  00  00  00  00  00  00  00  00  00  00  00  00  00  00  00  00  00  00  00  LV  00  00  
00  00  00  00  00  00  00  00  00  00  00  00  00  00  00  00  00  00  00  00  00  00  00  00  00  00  00  00  00  00  00  00  00  00  00  00  00  LV  00  00  
00  00  00  00  FB  00  00  00  00  00  00  00  00  00  00  00  00  00  00  00  00  00  00  00  00  00  00  00  00  00  00  00  00  00  00  00  00  LV  00  00  
00  00  00  00  00  00  00  00  00  00  00  00  00  00  00  00  00  00  00  00  00  00  00  00  00  00  00  00  00  00  00  00  00  00  00  00  00  LV  00  00  
00  00  00  00  00  00  00  00  00  00  00  00  00  00  00  00  00  00  00  00  00  00  00  00  00  00  00  00  00  00  00  00  00  00  00  00  00  LV  00  00  
00  00  00  00  00  00  00  00  00  00  00  00  00  00  00  00  00  00  00  00  00  00  00  00  00  00  00  00  00  00  00  00  00  00  00  00  00  LV  00  00  
00  00  00  00  00  00  00  00  00  00  00  00  00  00  00  00  00  00  00  00  00  00  00  00  00  00  00  00  00  00  00  00  00  00  00  00  00  LV  00  00  
00  00  00  00  00  00  00  00  00  00  00  00  00  00  00  00  00  00  00  00  00  00  00  00  00  00  00  00  00  00  00  00  00  00  00  00  00  00  00  00  
00  00  00  00  00  FB  FB  FB  FB  FB  FB  FB  FB  FB  FB  FB  FB  FB  FB  FB  FB  FB  FB  FB  FB  FB  FB  FB  FB  FB  FB  FB  FB  FB  FB  FB  00  00  00  00  
#
#
Player:
0 18
#
#
Comment:
1 1
Level 2-4

Those Blue Blocks Don't Look too Sturdy...
The Yellow Ones Move Back and Forth on their Own.
# vim: set nu:
